"filename" "start" "end" "event" "method" "th" "maxdfreq" "meandfreq" "smean" "ssd" "ssem" "smedian" "smode" "sQ25" "sQ75" "sIQR" "scent" "sskewness" "skurtosis" "ssfm" "ssh"
"1" "cathy_A_1.wav" 8.861528 8.961528 1 "1" 0.920315898733831 6.2876953125 5.0926025390625 6114.53657294294 2882.56169529137 61.3867038096052 6052.74500907441 6192.80852994555 4161.88747731398 7443.37568058076 3281.48820326679 6114.53657294294 4.1131226846704 25.6558335677963 0.204673165297893 0.867027583790767
"2" "cathy_A_1.wav" 8.961528 9.061528 1 "1" 0.977532364902663 6.2876953125 4.7373046875 5514.57190596009 3319.36984649154 70.6889201830298 5542.51361161525 6272.84482758621 3801.72413793103 6582.98548094374 2781.2613430127 5514.57190596009 3.62873115564497 21.1833030070394 0.278360114115482 0.874569264025783
"3" "cathy_A_1.wav" 9.061528 9.161528 1 "1" 0.976472764469661 6.029296875 3.8867431640625 5245.99818418723 4129.19642088493 87.934894186167 4692.1279491833 150.068058076225 2891.3112522686 6382.8947368421 3491.5834845735 5245.99818418723 4.01448818658849 28.8615627976294 0.370274475017515 0.887935791670686
"4" "cathy_A_1.wav" 9.577259 9.677259 1 "1" 0.918962305833471 6.1154296875 1.7118896484375 5326.31647982744 3622.06497157772 77.1350809082726 5322.41379310345 130.058983666062 3201.45190562613 6893.12613430127 3691.67422867514 5326.31647982744 2.56344029361485 10.1148302945947 0.306781027483805 0.882312735224773
"5" "cathy_A_1.wav" 9.677259 9.777259 1 "1" 0.957561192718357 7.23515625 1.0228271484375 5598.3778655662 4234.78247013698 90.1834426014358 5162.34119782214 150.068058076225 2961.34301270417 7213.27132486388 4251.92831215971 5598.3778655662 2.83828498679414 15.9638608800256 0.38133701643583 0.899689235764283
"6" "cathy_A_2.wav" 2.330331 2.430331 1 "1" 0.934564972644772 7.4935546875 4.7696044921875 6267.20650670616 3862.28595510275 82.2507994681185 5902.67695099819 5842.6497277677 3511.59255898367 8193.71597096189 4682.12341197822 6267.20650670616 2.66229208953215 13.1777155108422 0.293037847472789 0.91063827164488
"7" "cathy_A_2.wav" 2.430331 2.530331 1 "1" 0.967635002717856 5.85703125 1.76572265625 5435.18889934869 4077.19641792591 86.8275080771521 5502.49546279492 150.068058076225 1930.87568058076 7703.49364791289 5772.61796733212 5435.18889934869 3.0844454403642 21.222124908354 0.35813437012814 0.901743147572177
"8" "cathy_A_2.wav" 2.530331 2.630331 1 "1" 0.980711101867867 2.3255859375 0.4414306640625 5962.69381804818 5228.60225357188 111.347714917098 4952.24591651543 150.068058076225 1920.87114337568 7853.56170598911 5932.69056261343 5962.69381804818 4.79888782268279 48.664724817656 0.527538640248103 0.923513872652299
"9" "cathy_A_6.wav" 0.041577 0.141577 1 "1" 0.951464243383779 3.617578125 1.59345703125 4625.24781924677 3972.65047363248 84.6011096179901 3641.65154264973 1730.78493647913 1740.78947368421 6683.03085299456 4942.24137931034 4625.24781924677 4.59788620039008 32.8543176949965 0.324102420507981 0.883465368189087
"10" "cathy_A_6.wav" 0.141577 0.241577 1 "1" 0.982535686886867 1.72265625 0.6136962890625 3882.73496099808 4332.12626345369 92.256464878044 2841.28856624319 390.176950998185 640.290381125227 4842.19600725953 4201.9056261343 3882.73496099808 4.49235292190231 28.7245408726862 0.311986785874171 0.858825604534788
"11" "cathy_A_6.wav" 0.241577 0.341577 1 "1" 0.979565385809477 3.78984375 0.6352294921875 3822.00928746876 4238.34016181466 90.2592067960479 3261.47912885662 90.040834845735 650.294918330309 4792.17332123412 4141.87840290381 3822.00928746876 4.28965016495715 27.6652090682565 0.305457097714195 0.861304999402475
"12" "cathy_C_2.wav" 2.194504 2.294504 1 "1" 0.935788130875834 7.1490234375 3.14384765625 6177.74748202401 4127.08314343172 87.8898900714937 5752.60889292196 5882.66787658802 3491.5834845735 8043.64791288566 4552.06442831216 6177.74748202401 2.44994286432851 11.5571802080023 0.379540846473566 0.91453620331131
"13" "cathy_C_2.wav" 2.294504 2.394504 1 "1" 0.936775640455273 15.159375 5.9539306640625 7454.49432589434 4486.11101441121 95.535706503181 6683.03085299456 8073.66152450091 3951.79219600726 11385.1633393829 7433.37114337568 7454.49432589434 2.03004460311958 8.68232410267228 0.288920870569102 0.920136302629035
"14" "cathy_C_2.wav" 2.394504 2.494504 1 "1" 0.959266046661967 8.0103515625 2.260986328125 5671.43693970036 4195.57934827545 89.3485774070301 4752.15517241379 4662.11433756806 2921.32486388385 7783.52994555354 4862.20508166969 5671.43693970036 2.54799746160023 10.8499621529727 0.387997196530765 0.908881275445072
"15" "cathy_C_2.wav" 2.494504 2.594504 1 "1" 0.984371330662925 0.2583984375 0.1399658203125 6177.91646133834 6438.96104716468 137.123377199366 4221.91470054446 0 1010.45825771325 8193.71597096189 7183.25771324864 6177.91646133834 5.62975304519689 45.5547964035831 0.545293569630281 0.914188101395809
"16" "cathy_C_6.wav" 0.391741 0.491741 1 "1" 0.943332743195995 5.4263671875 1.33505859375 5967.79132997725 3784.27773102124 80.5895452600205 5552.51814882033 5572.52722323049 2991.35662431942 8613.90653357532 5622.5499092559 5967.79132997725 1.9480435847268 7.51723766695235 0.270034117069 0.910107783736726
"17" "cathy_C_6.wav" 0.491741 0.591741 1 "1" 0.983151074011329 1.550390625 0.409130859375 4914.53173500964 4288.66598133691 91.3309396862875 3971.80127041742 280.127041742287 1530.6941923775 7103.22141560799 5572.52722323049 4914.53173500964 3.61694051290276 22.192344833152 0.363082105246213 0.903627396005399
"18" "cathy_C_6.wav" 0.591741 0.691741 1 "1" 0.981971788326643 0.4306640625 0.21533203125 5339.17694611775 4493.31198283362 95.6890575021936 4391.99183303085 190.086206896552 1540.69872958258 7793.53448275862 6252.83575317604 5339.17694611775 4.5698098488568 35.8592848508184 0.365730587686347 0.911743660676253
"19" "cathy_C_6.wav" 0.691741 0.791741 1 "1" 0.982847056354526 0.4306640625 0.2691650390625 4276.95107904392 4348.0371673959 92.5953016665987 3161.43375680581 230.104355716878 460.208711433757 6572.98094373866 6112.7722323049 4276.95107904392 7.60070859850232 76.4048367101489 0.323010045897562 0.871519173586693
"20" "cathy_C_6.wav" 1.395889 1.495889 1 "1" 0.847100008571966 7.4935546875 6.309228515625 7313.32317962323 3279.23150065322 69.8341385658975 7183.25771324864 7043.1941923775 6492.944646098 8673.93375680581 2180.9891107078 7313.32317962323 4.43002437098923 27.3182132416019 0.231787759509132 0.87024702499281
"21" "cathy_C_6.wav" 1.495889 1.595889 1 "1" 0.980379097233385 7.3212890625 2.777783203125 6009.42157421257 4235.93629833895 90.2080143947117 6633.00816696915 260.117967332123 2281.03448275862 7943.60254083485 5662.56805807623 6009.42157421257 3.80064271749024 23.6012336862214 0.373211170745588 0.899478398010733
"22" "cathy_C_8.wav" 1.904041 2.004041 1 "1" 0.931467792608337 2.0671875 0.581396484375 4190.47422314849 4447.41210370802 94.7115789318712 2521.14337568058 1810.82123411978 1450.65789473684 5612.54537205082 4161.88747731397 4190.47422314849 3.20499371917131 16.6623199805247 0.302377652974325 0.879931563743218
"23" "cathy_C_8.wav" 2.004041 2.104041 1 "1" 0.940040443969025 2.239453125 1.3242919921875 4214.57713404351 3584.35963882607 76.3321124592542 2781.2613430127 1830.83030852995 1810.82123411978 6152.79038112523 4341.96914700544 4214.57713404351 3.61622478835397 20.0692995619442 0.218443881163677 0.87135525764927
"24" "cathy_C_8.wav" 7.991114 8.091114 1 "1" 0.861760755613954 10.508203125 4.5327392578125 6328.41059379185 3989.6846362987 84.9638671957182 6542.96733212341 1920.87114337568 2721.23411978221 9324.22867513612 6602.9945553539 6328.41059379185 2.05860692674477 8.85220851621692 0.3174234361208 0.906174491515544
"25" "cathy_C_8.wav" 8.091114 8.191114 1 "1" 0.956584229744943 7.6658203125 2.2502197265625 5937.04360016676 4192.54513440363 89.2839611358334 5732.5998185118 2821.27949183303 2431.10254083485 8824.00181488203 6392.89927404719 5937.04360016676 1.79995747314154 6.87436046509159 0.296696945091007 0.908004433637245
"26" "cathy_C_8.wav" 8.191114 8.291114 1 "1" 0.940833147176361 8.3548828125 3.3484130859375 5365.30224828413 3583.39794318789 76.3116322990576 4692.1279491833 2831.28402903811 2931.32940108893 7363.33938294011 4432.00998185118 5365.30224828413 2.00595077652064 7.27750927975523 0.289919896708731 0.898395066779659
"27" "filou_A_1.wav" 1.943221 2.043221 1 "1" 0.975657027771297 0.0861328125 0.0753662109375 4977.85742438898 6170.59983369831 131.408387524746 2070.93920145191 90.040834845735 180.08166969147 9564.33756805808 9384.25589836661 4977.85742438898 13.2623032396742 219.612265443101 0.409356049675272 0.836959935059051
"28" "filou_A_1.wav" 2.043221 2.143221 1 "1" 0.983552322850103 0.172265625 0.107666015625 4346.20465422852 6348.24589396974 135.191517683812 780.35390199637 110.049909255898 110.049909255898 7873.57078039927 7763.52087114338 4346.20465422852 16.2975867750143 320.314158732547 0.3189892021368 0.76439770131149
"29" "filou_A_1.wav" 2.143221 2.243221 1 "1" 0.980945143322943 0.0861328125 0.0861328125 5372.89706813565 6253.11221870593 133.1655618282 2160.98003629764 100.045372050817 220.099818511797 10384.7096188748 10164.609800363 5372.89706813565 23.1261781449329 704.038917466383 0.440329301168239 0.848507949290033
"30" "filou_A_2.wav" 0.778706 0.878706 1 "1" 0.982165828829381 0.172265625 0.107666015625 5300.97675117199 6550.07331475734 139.489611327665 1580.7168784029 120.05444646098 130.058983666062 10744.8729582577 10614.8139745917 5300.97675117199 15.8894110939588 307.187782076867 0.448330552820807 0.821051906772528
"31" "filou_A_2.wav" 0.878706 0.978706 1 "1" 0.973788801623422 0.172265625 0.0968994140625 6490.9195599483 6693.77425900883 142.549850182686 3621.64246823956 110.049909255898 270.122504537205 12605.7168784029 12335.5943738657 6490.9195599483 18.0756018451444 411.921463296943 0.522115846287555 0.875459141062474
"32" "filou_A_2.wav" 0.978706 1.078706 1 "1" 0.985972475991822 0.172265625 0.0968994140625 5829.14944796048 6960.76892280863 148.235737972077 1460.66243194192 90.040834845735 130.058983666062 11935.4128856624 11805.3539019964 5829.14944796048 20.5453169450058 551.069114223577 0.432159757924705 0.819615800275527
"33" "filou_A_2.wav" 1.078706 1.178706 1 "1" 0.972578169154693 2.0671875 0.322998046875 5295.83168012591 5817.76840144927 123.89452974277 2100.95281306715 100.045372050817 420.19056261343 9464.29219600726 9044.10163339383 5295.83168012591 11.9074221459589 202.306563796876 0.454796954230882 0.876476297339588
"34" "filou_A_3.wav" 1.968392 2.068392 1 "1" 0.968855514875775 0.34453125 0.1614990234375 5949.85507781776 6260.77276160836 133.328699872718 2641.19782214156 100.045372050817 420.19056261343 11004.9909255898 10584.8003629764 5949.85507781776 8.14899932051215 87.386737690923 0.493844857899269 0.891520856331581
"35" "filou_A_3.wav" 2.068392 2.168392 1 "1" 0.985380113550221 0.0861328125 0.0861328125 5173.11415152798 6796.82158218237 144.744334178071 360.16333938294 120.05444646098 120.05444646098 10944.9637023593 10824.9092558984 5173.11415152798 17.5507086810745 368.315601586462 0.378744088671361 0.761110089905879
"36" "filou_A_3.wav" 2.168392 2.268392 1 "1" 0.981257804266667 0.172265625 0.0861328125 5221.09097518099 6294.46932634656 134.046298057126 2020.9165154265 100.045372050817 200.090744101633 10134.5961887477 9934.5054446461 5221.09097518099 20.8596304018244 571.040704139161 0.451659065072819 0.849180818080288
"37" "filou_A_3.wav" 2.268392 2.368392 1 "1" 0.983231784888223 0.34453125 0.1184326171875 4286.42122810428 5282.72995823687 112.500412318022 1990.90290381125 100.045372050817 340.154264972777 5712.59074410163 5372.43647912886 4286.42122810428 22.1218736182569 613.665352093387 0.380649940751152 0.839965697698273
"38" "filou_A_5.wav" 0.248212 0.348212 1 "1" 0.959299121128113 0.34453125 0.1184326171875 5511.60179738908 6032.41039505738 128.46552106214 2140.97096188748 110.049909255898 530.240471869329 10804.9001814882 10274.6597096189 5511.60179738908 13.8500328969282 289.826468728573 0.45966525149034 0.881394511368445
"39" "filou_A_5.wav" 0.348212 0.448212 1 "1" 0.967032665641693 0.34453125 0.12919921875 4696.56374344385 5335.32385154808 113.620445847976 2030.92105263158 100.045372050817 830.376588021779 8403.8112522686 7573.43466424682 4696.56374344385 5.22641803799311 45.581727130806 0.38614400952739 0.880077582338793
"40" "filou_B_1.wav" 2.564522 2.664522 1 "1" 0.936602137483805 0.172265625 0.0861328125 8438.85712960622 5702.61660815646 121.442270337687 9374.25136116152 120.05444646098 2441.10707803993 12725.7713248639 10284.664246824 8438.85712960622 9.33216041034249 139.491554530495 0.53318305256595 0.923735190481763
"41" "filou_B_1.wav" 2.664522 2.764522 1 "1" 0.980353876632611 0.172265625 0.1184326171875 7730.47724797398 6804.94073995126 144.917238832274 8994.07894736842 100.045372050817 170.077132486388 13636.1842105263 13466.1070780399 7730.47724797398 19.7032655756346 461.654930504007 0.469251645393783 0.847863971660263
"42" "filou_B_1.wav" 2.764522 2.864522 1 "1" 0.927975423481183 11.886328125 1.614990234375 10378.2181177076 5694.72242839085 121.274156789282 11575.2495462795 90.040834845735 6402.90381125227 14226.4519056261 7823.54809437387 10378.2181177076 5.51654427191405 66.7384686769934 0.548089130276653 0.940366934844426
"43" "filou_B_2.wav" 2.517677 2.617677 1 "1" 0.98058264774416 0.2583984375 0.12919921875 6653.84695094279 6461.22851495428 137.597582643788 5222.36842105263 110.049909255898 220.099818511797 11785.3448275862 11565.2450090744 6653.84695094279 17.4448227210476 371.791500313405 0.523613052632668 0.877117079625139
"44" "filou_B_2.wav" 2.617677 2.717677 1 "1" 0.988611256945109 0.0861328125 0.0753662109375 7572.12478641607 6785.49543663229 144.50313387928 7093.2168784029 90.040834845735 720.32667876588 13856.2840290381 13135.9573502722 7572.12478641607 13.0503750414621 224.001197513852 0.577204866754335 0.910810131442026
"45" "filou_B_3.wav" 0.557191 0.657191 1 "1" 0.993875797771762 0.172265625 0.107666015625 4970.677275418 6228.08934594879 132.632677595083 1870.84845735027 120.05444646098 140.063520871143 9834.46007259528 9694.39655172414 4970.677275418 22.392125432545 596.055495967029 0.432722858996358 0.819282312523434
"46" "filou_B_3.wav" 0.657191 0.757191 1 "1" 0.933111141870007 2.1533203125 0.581396484375 6268.70765032253 5794.23830149103 123.393435428256 3751.70145190563 100.045372050817 1670.75771324864 10714.8593466425 9044.10163339383 6268.70765032253 5.54816927183101 59.1976876405019 0.463951879818662 0.905968051998977
"47" "filou_B_3.wav" 0.757191 0.857191 1 "1" 0.983745306856036 0.172265625 0.0968994140625 6850.84605512056 6261.89452454183 133.352588807707 4792.17332123412 100.045372050817 590.267695099819 11965.4264972777 11375.1588021779 6850.84605512056 14.6682672256354 274.483976320664 0.527342717121523 0.895596786594422
"48" "filou_B_3.wav" 0.857191 0.957191 1 "1" 0.946768712428628 1.6365234375 0.3122314453125 9523.55839094107 6495.32982439492 138.323800225036 10584.8003629764 110.049909255898 2140.97096188748 15276.9283121597 13135.9573502722 9523.55839094107 3.16990170521847 24.8268108665273 0.597212087108244 0.948339631168469
"49" "filou_B_3.wav" 0.957191 1.057191 1 "1" 0.971262207641526 1.72265625 0.30146484375 5828.70655746511 6315.67256559871 134.497839812469 2651.20235934664 100.045372050817 270.122504537205 10884.9364791289 10614.8139745917 5828.70655746511 17.1564481485445 365.498481943962 0.501676143556818 0.872516218748391
"50" "filou_B_4.wav" 1.68 1.78 1 "1" 0.970107378195142 0.0861328125 0.064599609375 7077.11834825215 6095.18902428487 129.802447562015 7033.18965517241 100.045372050817 320.145190562613 11795.3493647913 11475.2041742287 7077.11834825215 15.3656868929011 297.462434610511 0.550732356912208 0.893184188918477
"51" "filou_B_4.wav" 1.78 1.88 1 "1" 0.974636294176486 0.861328125 0.2045654296875 6126.47426834248 5345.54981017253 113.83821669197 5192.35480943739 100.045372050817 1310.5943738657 9394.26043557169 8083.66606170599 6126.47426834248 9.12821582792499 139.915429227302 0.476813696035249 0.914241463487241
"52" "filou_B_4.wav" 1.88 1.98 1 "1" 0.963017426042648 0.9474609375 0.2691650390625 7732.0773886483 5751.00589581332 122.472763067054 7253.28947368421 110.049909255898 2110.95735027223 12985.889292196 10874.9319419238 7732.0773886483 2.55032163263516 14.9026793460902 0.533384489640177 0.945078685223944
"53" "filou_B_4.wav" 1.98 2.08 1 "1" 0.971001067394641 0.861328125 0.2045654296875 7972.26105905439 5945.61834263544 126.617207451452 8513.8611615245 110.049909255898 1570.71234119782 12435.6397459165 10864.9274047187 7972.26105905439 14.164695708442 264.072671439298 0.584699144802486 0.92965362071744
"54" "filou_B_4.wav" 2.08 2.18 1 "1" 0.980370531656316 0.0861328125 0.0753662109375 9360.59258814684 6118.88943645327 130.307168825856 10524.7731397459 90.040834845735 3621.64246823956 14146.4156079855 10524.7731397459 9360.59258814684 18.020117879347 384.743530145564 0.541174024773329 0.911259326529619
"55" "filou_B_6.wav" 0.447121 0.547121 1 "1" 0.956649919359592 0.4306640625 0.12919921875 4774.38387553967 5784.95634483169 123.195767942023 2050.93012704174 120.05444646098 430.195099818512 8834.00635208712 8403.8112522686 4774.38387553967 11.1859130078135 172.834758891567 0.415974493920733 0.85793745804617
"56" "filou_B_6.wav" 0.547121 0.647121 1 "1" 0.958767968847352 0.0861328125 0.0538330078125 6026.76696471972 5746.27162702686 122.371942621051 3871.75589836661 90.040834845735 840.38112522686 11315.1315789474 10474.7504537205 6026.76696471972 7.4714492083003 88.7923241936853 0.472230080795409 0.902818014120275
"57" "filou_C_1.wav" 2.505588 2.605588 1 "1" 0.979876614467237 0.172265625 0.0968994140625 7817.25422881685 5833.52230215106 124.230023008294 7303.31215970962 120.05444646098 1930.87568058076 12265.5626134301 10334.6869328494 7817.25422881685 9.20716160384386 151.082484894512 0.590177796125398 0.937928776404954
"58" "filou_C_1.wav" 2.605588 2.705588 1 "1" 0.987381491709056 0.172265625 0.1184326171875 7190.71718352304 6715.71256269222 143.017045785992 5662.56805807623 140.063520871143 310.140653357532 12795.8030852995 12485.6624319419 7190.71718352304 16.0703408302219 309.370043747847 0.577198579034591 0.892190938730231
"59" "filou_C_1.wav" 2.705588 2.805588 1 "1" 0.981359785550842 0.172265625 0.107666015625 6975.83692151969 7110.36206097384 151.421456314029 4091.8557168784 120.05444646098 150.068058076225 13486.1161524501 13336.0480943739 6975.83692151969 14.1804417128773 234.804353651588 0.506380539555216 0.860197282594813
"60" "filou_C_2.wav" 1.92883 2.02883 1 "1" 0.978944462666167 0.172265625 0.0968994140625 6793.15040594133 6727.91125495863 143.276827739747 4091.8557168784 150.068058076225 230.104355716878 12715.7667876588 12485.6624319419 6793.15040594133 12.8741360128125 199.464902886135 0.525770613159945 0.874230757153666
"61" "filou_C_2.wav" 2.02883 2.12883 1 "1" 0.982313638113782 0.172265625 0.12919921875 6660.87715054703 7039.66808273944 149.91596544801 2731.2386569873 140.063520871143 140.063520871143 12915.8575317604 12775.7940108893 6660.87715054703 19.9581444596855 497.705592354135 0.473774092862418 0.821420381949277
"62" "filou_C_2.wav" 2.12883 2.22883 1 "1" 0.986477827628706 0.0861328125 0.021533203125 7331.05581695461 7272.92756669851 154.88343271019 6032.73593466425 40.0181488203267 110.049909255898 13936.3203266788 13826.2704174229 7331.05581695461 15.2848789019754 263.799033579525 0.436104354003084 0.811471585584951
"63" "filou_C_2.wav" 2.22883 2.32883 1 "1" 0.94420139826889 0.2583984375 0.12919921875 8809.92008724049 6102.50242048053 129.958192810014 10084.5735027223 110.049909255898 2801.27041742287 13035.9119782214 10234.6415607985 8809.92008724049 3.8513387642928 30.9814640421084 0.561860022935538 0.94191323235882
"64" "filou_C_2.wav" 2.32883 2.42883 1 "1" 0.990199108987598 0.172265625 0.0861328125 6548.30124967413 6838.27475432526 145.627116185638 3491.5834845735 110.049909255898 150.068058076225 12315.5852994555 12165.5172413793 6548.30124967413 16.7178123160457 327.271612612628 0.497820122095449 0.843943358278913
"65" "filou_C_2.wav" 2.961255 3.061255 1 "1" 0.958137434078812 10.68046875 2.71318359375 7012.92223296401 5677.92205663172 120.916377995942 7753.51633393829 140.063520871143 970.440108892922 10754.8774954628 9784.43738656987 7012.92223296401 10.9648366310506 208.20926628188 0.470876641157026 0.898959957547604
"66" "filou_C_2.wav" 3.061255 3.161255 1 "1" 0.975205815106087 0.172265625 0.0861328125 9108.39189111406 5958.87026440859 126.899418860188 10194.6234119782 110.049909255898 3531.60163339383 12465.6533575318 8934.05172413793 9108.39189111406 14.6144574039719 319.892949882209 0.552408397320909 0.92244671859453
"67" "filou_C_2.wav" 3.161255 3.261255 1 "1" 0.983622680009276 0.172265625 0.0968994140625 7636.25228353681 6998.58231688915 149.041007682782 8153.69782214156 110.049909255898 140.063520871143 13596.166061706 13456.1025408348 7636.25228353681 15.46661766014 290.824706210044 0.493455779143721 0.849589656839893
"68" "filou_C_2.wav" 3.261255 3.361255 1 "1" 0.950764073427143 10.163671875 1.313525390625 9269.17274101993 5477.39912795675 116.646064666756 10054.5598911071 100.045372050817 4401.99637023593 12965.8802177858 8563.88384754991 9269.17274101993 4.54934244800246 52.2092145532693 0.563016618773317 0.943159942185263
"69" "filou_C_2.wav" 3.361255 3.461255 1 "1" 0.986058483687779 0.0861328125 0.0322998046875 6551.97566778463 6849.83093444195 145.87321527422 3491.5834845735 120.05444646098 130.058983666062 12325.5898366606 12195.5308529946 6551.97566778463 13.8677311582953 218.831543216627 0.508899892524849 0.842974505765745
"70" "filou_C_2.wav" 4.027129 4.127129 1 "1" 0.972965586631393 13.0060546875 1.6903564453125 8114.88486023417 5877.43828932296 125.165252842726 8313.77041742287 110.049909255898 1970.89382940109 12635.7304900181 10664.8366606171 8114.88486023417 14.1240794039897 297.606105358791 0.583084311021657 0.932862063619124
"71" "filou_C_2.wav" 4.127129 4.227129 1 "1" 0.984835415395294 0.172265625 0.0861328125 7405.16741693082 6662.55722979071 141.885055902807 6402.90381125227 150.068058076225 440.199637023593 12835.8212341198 12395.6215970962 7405.16741693082 14.4827429320751 260.817434038072 0.579226251515501 0.902068304992522
"72" "filou_C_3.wav" 1.113958 1.213958 1 "1" 0.977655763358779 3.1869140625 0.4844970703125 5850.78918993769 5438.19258760797 115.811126672637 4171.89201451906 110.049909255898 1450.65789473684 9244.19237749546 7793.53448275862 5850.78918993769 14.5453887019503 281.287954072246 0.525040877422791 0.897877701194071
"73" "filou_C_3.wav" 1.213958 1.313958 1 "1" 0.982331146298629 0.172265625 0.1184326171875 6203.29823029986 5335.41564682395 113.622400709661 4602.08711433757 110.049909255898 2291.0390199637 9464.29219600726 7173.25317604356 6203.29823029986 10.783987409069 174.315433422642 0.54022211975974 0.916938577297061
"74" "filou_C_3.wav" 1.313958 1.413958 1 "1" 0.984663475156846 0.172265625 0.0968994140625 6714.31401523065 6955.81218135938 148.130179773721 4131.87386569873 110.049909255898 140.063520871143 13075.9301270417 12935.8666061706 6714.31401523065 18.7567699216462 401.750121271045 0.531204275124809 0.842399294718701
"75" "filou_C_4.wav" 0.720375 0.820375 1 "1" 0.983321235701094 0.172265625 0.0861328125 6732.04108921891 7072.11001674796 150.606845160054 1820.82577132486 110.049909255898 140.063520871143 13165.9709618875 13025.9074410163 6732.04108921891 14.738219367706 251.52045007941 0.401020669355718 0.824029148015184
"76" "filou_C_4.wav" 0.820375 0.920375 1 "1" 0.975541771980823 0.172265625 0.0861328125 8318.75508041147 6056.44162103303 128.977287298942 8984.07441016334 110.049909255898 2020.9165154265 13025.9074410163 11004.9909255898 8318.75508041147 10.2436973251825 153.615199364224 0.58074607013526 0.934988029815415
"77" "filou_C_5.wav" 1.576583 1.676583 1 "1" 0.972715965241381 0.172265625 0.0861328125 9208.19281750424 6326.17637541111 134.721527743547 10044.555353902 150.068058076225 2711.22958257713 14246.4609800363 11535.2313974592 9208.19281750424 11.1218894878541 180.109838063432 0.60037186029518 0.941644280241084
"78" "filou_C_5.wav" 1.676583 1.776583 1 "1" 0.978911268153458 0.172265625 0.0538330078125 6526.70233496192 5950.64202421012 126.724191199055 4522.05081669691 110.049909255898 570.258620689655 11035.0045372051 10464.7459165154 6526.70233496192 14.4255375483395 244.254820909497 0.532289527497546 0.888800312375594
"79" "lucky_B_2.wav" 2.433667 2.533667 1 "1" 0.938373864235455 19.8966796875 4.5327392578125 8430.57064062865 6783.77536414608 144.466503412562 6252.83575317604 1640.74410163339 1960.88929219601 14616.6288566243 12655.7395644283 8430.57064062865 3.97342091247028 26.8199177327972 0.57353462962268 0.935922913124481
"80" "lucky_B_2.wav" 2.533667 2.633667 1 "1" 0.873592078832122 19.8966796875 10.852734375 12464.6846328553 5803.10694210738 123.582300983362 13456.1025408348 19859.0063520871 8793.98820326679 17407.8947368421 8613.90653357532 12464.6846328553 1.54816798322718 6.0553410300722 0.610439508169566 0.953782764830207
"81" "lucky_B_2.wav" 2.633667 2.733667 1 "1" 0.891216991451575 19.8966796875 11.7248291015625 14085.7359110141 5965.15237867141 127.033202046227 16517.4909255898 19768.9655172414 9784.43738656987 19178.6978221416 9394.26043557169 14085.7359110141 3.28488781480734 15.6224437956099 0.494338907795806 0.922725109240685
"82" "lucky_B_3.wav" 2.370683 2.470683 1 "1" 0.963453035868205 5.0818359375 1.8626220703125 7390.05055518636 6029.52561600738 128.404087137798 5412.45462794918 2060.93466424682 2140.97096188748 12325.5898366606 10184.6188747731 7390.05055518636 3.54580941086551 21.9640023126113 0.563129330073912 0.931281354558203
"83" "lucky_B_3.wav" 2.470683 2.570683 1 "1" 0.934107085660865 19.7244140625 5.98623046875 10087.9151780776 7024.2395523479 149.587401231358 10564.7912885662 2050.93012704174 2931.32940108893 17197.7994555354 14266.4700544465 10087.9151780776 2.32482568573493 10.7429349589643 0.546851837225384 0.940321721182184
"84" "lucky_B_4.wav" 1.843585 1.943585 1 "1" 0.957310981600026 2.8423828125 0.90439453125 8543.42031656991 7335.62231896261 156.218572975857 5172.34573502722 100.045372050817 1890.85753176044 16287.386569873 14396.5290381125 8543.42031656991 9.84022038088507 174.732987407766 0.52029535874674 0.91506482919959
"85" "lucky_B_4.wav" 1.943585 2.043585 1 "1" 0.917403207572803 19.0353515625 2.45478515625 10663.4840992384 7073.67489012393 150.64017052429 11745.3266787659 100.045372050817 2981.35208711434 17808.0762250454 14826.724137931 10663.4840992384 2.9497274747663 16.9032997755411 0.636570204981101 0.950643188395156
"86" "lucky_C_4.wav" 1.762889 1.862889 1 "1" 0.975592817958616 2.0671875 0.516796875 6646.68292954001 6358.84769834296 135.417292495837 3881.76043557169 350.158802177858 1890.85753176044 11795.3493647913 9904.49183303085 6646.68292954001 7.24653713920481 83.5390227024911 0.457744267072621 0.898781657834534
"87" "lucky_C_4.wav" 1.862889 1.962889 1 "1" 0.946417790978667 0.2583984375 0.107666015625 9406.25171851237 6924.1557488561 147.456028011792 8653.92468239564 60.02722323049 2241.01633393829 16187.3411978221 13946.3248638838 9406.25171851237 3.27211030930195 20.0257685025012 0.518337017941277 0.93837288793165
"88" "lucky_C_5.wav" 1.366919 1.466919 1 "1" 0.896837046271089 19.8966796875 6.309228515625 10537.5723447382 6546.58458960574 139.415315836295 11375.1588021779 2080.94373865699 4391.99183303085 16547.5045372051 12155.5127041742 10537.5723447382 2.77678523098338 17.3212743810592 0.641871257958024 0.955249424009077
"89" "lucky_C_5.wav" 1.466919 1.566919 1 "1" 0.977327318303773 2.1533203125 1.8841552734375 8317.97825667119 6957.83801224036 148.173321636204 5352.42740471869 1900.86206896552 2000.90744101633 15116.8557168784 13115.9482758621 8317.97825667119 5.1645970540233 49.0183939404611 0.63412279422602 0.940875692321931
"90" "lucky_C_5.wav" 1.566919 1.666919 1 "1" 0.934263890422573 19.466015625 4.17744140625 9568.91640943286 7045.0012105084 150.029539126334 7693.4891107078 1910.8666061706 2251.02087114338 17297.8448275862 15046.8239564428 9568.91640943286 3.01356680326357 15.4425310663102 0.584505895569804 0.939967786368266
"91" "lucky_C_6.wav" 1.67689 1.77689 1 "1" 0.953594327390029 19.9828125 2.9177490234375 10227.0464716003 6481.16467300905 138.022140783033 10724.8638838476 220.099818511797 4432.00998185118 16177.3366606171 11745.3266787659 10227.0464716003 5.17267754429699 56.7953089083798 0.568674231233272 0.949346832571638
"92" "lucky_C_6.wav" 1.77689 1.87689 1 "1" 0.983257222332094 0.2583984375 0.107666015625 4401.27597064954 6217.01437455242 132.39682627231 490.222323049002 60.02722323049 180.08166969147 7513.40744101633 7333.32577132486 4401.27597064954 13.6838847919421 224.794538979149 0.366974043817064 0.78597851154374
"93" "lucky_C_6.wav" 1.87689 1.97689 1 "1" 0.98132972215376 0.2583984375 0.0753662109375 7663.382942546 6675.63783256908 142.163618921846 5572.52722323049 70.0317604355717 1510.68511796733 13906.3067150635 12395.6215970962 7663.382942546 11.6339599399917 193.826272032727 0.531942929749988 0.917066137772123
"94" "lucky_C_6.wav" 3.4403 3.5403 1 "1" 0.97196469190883 19.810546875 2.54091796875 9925.36220899359 6779.62389502405 144.378094201483 9914.49637023593 60.02722323049 3521.59709618875 16387.4319419238 12865.834845735 9925.36220899359 5.60508854408465 59.1090950265773 0.557687422785093 0.939864534465035
"95" "lucky_C_6.wav" 3.5403 3.6403 1 "1" 0.978957058027281 0.2583984375 0.107666015625 4239.30583371129 5792.12304812317 123.34838923473 1880.85299455535 180.08166969147 230.104355716878 4952.24591651543 4722.14156079855 4239.30583371129 12.5623707118971 206.022968121872 0.363073354007041 0.827845970842859
"96" "lucky_C_6.wav" 3.6403 3.7403 1 "1" 0.980033222981851 0.2583984375 0.1399658203125 9498.37635587001 6678.88789067332 142.232831787102 11305.1270417423 220.099818511797 2200.99818511797 15216.9010889292 13015.9029038113 9498.37635587001 8.65599436963986 119.684431075276 0.569276053322154 0.939790272770878
"97" "lucky_C_6.wav" 3.7403 3.8403 1 "1" 0.98340061027587 0.2583984375 0.1184326171875 7118.19211652633 6861.68599912155 146.125679374232 5762.61343012704 220.099818511797 250.113430127042 12935.8666061706 12685.7531760436 7118.19211652633 12.6278011393748 196.226422601421 0.510125439043154 0.879059594158428
"98" "moon_A_3.wav" 4.766108 4.866108 1 "1" 0.950324602297522 2.583984375 1.1950927734375 8324.67225620587 6990.19025153428 148.862291219876 5392.44555353902 2050.93012704174 2190.99364791289 15697.1188747731 13506.1252268603 8324.67225620587 4.78938438864377 42.5389847826559 0.58437022966815 0.933445758983886
"99" "moon_A_3.wav" 4.866108 4.966108 1 "1" 0.929711752075153 18.3462890625 4.457373046875 9879.83618207748 6571.80711260238 139.952451798053 8153.69782214156 710.322141560799 4842.19600725953 16637.5453720508 11795.3493647913 9879.83618207748 1.92170612742841 7.78807855613828 0.577052085519083 0.947903558069007
"100" "moon_A_3.wav" 4.966108 5.066108 1 "1" 0.932772692781705 19.63828125 5.90009765625 11052.4658478499 5953.23401058973 126.779389844213 9714.4056261343 180.08166969147 6753.06261343013 17567.9673321234 10814.9047186933 11052.4658478499 1.3577669546124 4.99944307934375 0.66763985774731 0.961512073057712
"101" "moon_B_1.wav" 2.868305 2.968305 1 "1" 0.964980284988889 12.4892578125 3.9082763671875 10058.0005580558 6588.1793507562 140.301113107155 11014.9954627949 4141.87840290381 4041.83303085299 16337.4092558984 12295.5762250454 10058.0005580558 1.60809915354651 6.43711765823712 0.660386791284442 0.957469134665247
"102" "moon_B_1.wav" 2.968305 3.068305 1 "1" 0.936651075033155 7.751953125 2.5301513671875 8065.51352544374 6406.69701384237 136.436286039966 6372.89019963702 350.158802177858 2631.19328493648 13436.0934664247 10804.9001814882 8065.51352544374 3.1598944435624 19.5591579367465 0.58066066733446 0.940553818563118
"103" "moon_B_1.wav" 4.911029 5.011029 1 "1" 0.95346257382883 19.7244140625 5.8247314453125 10967.9788035067 6753.8541556952 143.829304783371 12795.8030852995 2631.19328493648 3951.79219600726 17197.7994555354 13246.0072595281 10967.9788035067 2.82356771719207 16.429353896381 0.610699082674438 0.945663821534607
"104" "moon_B_1.wav" 5.011029 5.111029 1 "1" 0.919749967901262 2.1533203125 0.9366943359375 9358.79708041193 6755.0269626454 143.854280745896 8663.92921960073 2811.27495462795 2631.19328493648 15467.0145190563 12835.8212341198 9358.79708041193 2.16015047421386 9.27099844767654 0.661159650081793 0.953299601083983
"105" "moon_B_1.wav" 5.111029 5.211029 1 "1" 0.932535554896827 19.9828125 8.247216796875 9632.42681808312 6854.98488350016 145.982973183237 8393.80671506352 2441.10707803993 2771.25680580762 16427.4500907441 13656.1932849365 9632.42681808312 2.83727003339385 14.7324185772688 0.649996704894741 0.95070962202547
"106" "moon_B_3.wav" 1.227356 1.327356 1 "1" 0.860941984111238 19.810546875 9.08701171875 9365.58337017265 7052.05000510438 150.179649448963 7163.24863883848 19688.9292196007 2751.24773139746 16977.6996370236 14226.4519056261 9365.58337017265 2.27295386347469 10.3353746188651 0.585442954954399 0.944660242300528
"107" "moon_B_3.wav" 1.327356 1.427356 1 "1" 0.900327290938208 4.5650390625 2.5301513671875 9147.82155255562 6691.50410385722 142.50150521851 6913.13520871143 3141.42468239564 3161.43375680581 16017.2640653358 12855.8303085299 9147.82155255562 2.04537523691099 9.42382796083069 0.579782770561276 0.948067857583216
"108" "moon_B_3.wav" 1.427356 1.527356 1 "1" 0.959593814790637 3.0146484375 0.8074951171875 6900.35419353963 6678.73564136729 142.229589503314 3741.69691470054 290.131578947368 1450.65789473684 13105.943738657 11655.2858439201 6900.35419353963 3.02053025489108 13.8230075717594 0.576067021270199 0.930786846753053
"109" "moon_B_3.wav" 1.527356 1.627356 1 "1" 0.971526651222622 2.583984375 1.378125 6969.92853866938 6445.98246041752 137.272904412047 4011.81941923775 2591.17513611615 1920.87114337568 12395.6215970962 10474.7504537205 6969.92853866938 3.63380044368938 21.6076359662647 0.602033010194865 0.935215780445581
"110" "moon_B_4.wav" 6.029747 6.129747 1 "1" 0.86155709801478 2.3255859375 1.6257568359375 7768.91113032123 6164.30723304986 131.274381021839 6763.06715063521 1640.74410163339 1940.88021778584 11585.2540834846 9644.37386569873 7768.91113032123 4.75917412627476 34.8720157056653 0.505362833125495 0.923863000584634
"111" "moon_B_4.wav" 6.129747 6.229747 1 "1" 0.940870078543434 19.8966796875 4.4466064453125 9764.83759107664 6534.25748861635 139.152799305078 9734.41470054446 2040.92558983666 2651.20235934664 15837.1823956443 13185.9800362976 9764.83759107664 3.48452574280515 20.011512788396 0.504901308635713 0.932207739707141
"112" "moon_B_4.wav" 6.229747 6.329747 1 "1" 0.953922382831674 2.0671875 0.73212890625 7009.80254286848 6043.47063801834 128.701058729838 5382.44101633394 470.213248638838 1880.85299455535 11485.2087114338 9604.3557168784 7009.80254286848 3.84819039251311 24.3965975809263 0.607904743118353 0.94343819457721
"113" "moon_B_5.wav" 1.608231 1.708231 1 "1" 0.858299510676581 7.6658203125 4.6188720703125 8257.52241728659 5627.44518478349 119.841428312664 7633.46188747731 7673.48003629764 2811.27495462795 12195.5308529946 9384.25589836661 8257.52241728659 2.24388370202886 9.14712634412636 0.621238253975712 0.946971092078966
"114" "moon_B_5.wav" 1.708231 1.808231 1 "1" 0.954920381060131 5.9431640625 1.3458251953125 6727.25023796628 5728.79218300313 121.999702382518 4962.25045372051 170.077132486388 2150.97549909256 8773.97912885662 6623.00362976407 6727.25023796628 2.46706681686654 10.9176988960112 0.514739482788105 0.931100789545785
"115" "moon_B_5.wav" 3.448505 3.548505 1 "1" 0.948438943456734 7.407421875 1.93798828125 6592.08854965148 5425.75931586402 115.546349141188 5432.46370235935 810.367513611615 2190.99364791289 9714.4056261343 7523.41197822142 6592.08854965148 2.61455911290828 11.0076865535121 0.525877240656309 0.929113677614074
"116" "moon_B_5.wav" 3.548505 3.648505 1 "1" 0.86360926649907 2.8423828125 1.4534912109375 7727.61447942635 6149.31702534142 130.955151274859 5772.61796733212 2751.24773139746 2791.26588021779 12005.444646098 9214.17876588022 7727.61447942635 2.69191461224606 14.0176714809547 0.502242983509661 0.93330592513779
"117" "moon_B_5.wav" 3.648505 3.748505 1 "1" 0.965164828016445 3.617578125 1.8626220703125 7561.09347607992 6016.96099659483 128.136512441437 5502.49546279492 2951.33847549909 2821.27949183303 11845.3720508167 9024.09255898367 7561.09347607992 3.18249358149492 19.1538330238924 0.577967596806683 0.941506333722158
"118" "moon_B_7.wav" 1.699279 1.799279 1 "1" 0.957481690065149 2.6701171875 1.0012939453125 6532.45589096356 6559.76202568586 139.695941006241 3421.55172413793 880.399274047187 990.449183303085 12015.4491833031 11025 6532.45589096356 4.17421830317824 26.0674124192193 0.532556522406617 0.919754775759501
"119" "moon_B_7.wav" 1.799279 1.899279 1 "1" 0.942949304046458 3.962109375 1.7334228515625 7440.42868977741 5732.40338219002 122.07660606692 6202.81306715064 3871.75589836661 3001.3611615245 11805.3539019964 8803.99274047187 7440.42868977741 3.03089378732082 16.5337989095085 0.583063971190424 0.940481271277592
"120" "moon_B_7.wav" 2.037687 2.137687 1 "1" 0.966028720155521 2.6701171875 1.571923828125 6178.4171763207 6113.35208529411 130.189246029597 3041.37931034483 2371.07531760436 2120.96188747731 10054.5598911071 7933.59800362976 6178.4171763207 4.80240990378043 33.4760944027139 0.482701524653018 0.902113264028052
"121" "moon_B_7.wav" 2.137687 2.237687 1 "1" 0.940026238801243 19.466015625 5.6093994140625 7036.03783229089 6166.34179056085 131.317708725637 4992.26406533575 880.399274047187 1810.82123411978 11905.3992740472 10094.5780399274 7036.03783229089 3.2522258608144 18.6377636063822 0.558204492359491 0.933356072694843
"122" "moon_B_7.wav" 2.237687 2.337687 1 "1" 0.863115843203108 7.407421875 1.8626220703125 8480.24253092264 5714.05062926461 121.685767942011 7423.3666061706 7413.36206896552 3531.60163339383 13145.9618874773 9614.36025408349 8480.24253092264 1.51447936001446 6.32117731876539 0.629863702644152 0.958955938354377
"123" "moon_B_7.wav" 2.337687 2.437687 1 "1" 0.893567064359597 18.5185546875 6.481494140625 9000.34467161335 6039.47745173013 128.616020291865 7963.61161524501 7263.29401088929 3831.73774954628 13406.0798548094 9574.34210526316 9000.34467161335 2.29393335640039 11.6493475782323 0.624200282955151 0.953803769767204
"124" "moon_B_7.wav" 2.437687 2.537687 1 "1" 0.956707523136347 18.432421875 8.9470458984375 9914.03534741078 6002.12204151264 127.820503753067 8153.69782214156 7283.30308529946 4972.25499092559 15356.9646098004 10384.7096188748 9914.03534741078 2.370106197997 11.4045353476019 0.586211572037234 0.949867794323946
"125" "moon_B_8.wav" 3.163039 3.263039 1 "1" 0.969816995039176 2.928515625 0.4629638671875 6892.42562936332 6565.18411422591 139.811409182961 4311.9555353902 100.045372050817 1590.72141560799 12475.6578947368 10884.9364791289 6892.42562936332 7.70914875022776 120.721560328596 0.524702083732997 0.919860383949227
"126" "moon_B_8.wav" 3.263039 3.363039 1 "1" 0.930076581584563 0.4306640625 0.12919921875 6684.06217012879 6247.11236104336 133.037789546402 5352.42740471869 100.045372050817 1580.7168784029 8713.95190562613 7133.23502722323 6684.06217012879 2.44995413404983 12.3349684141249 0.450232238914551 0.920049945086177
"127" "moon_B_8.wav" 3.717836 3.817836 1 "1" 0.974220391317549 0.4306640625 0.1614990234375 9594.69437206036 7456.88869704029 158.801047878399 10194.6234119782 100.045372050817 1760.79854809437 16807.6225045372 15046.8239564428 9594.69437206036 19.1915477720715 538.807001457788 0.656967189247002 0.935043388159145
"128" "moon_B_8.wav" 3.817836 3.917836 1 "1" 0.930144876312017 19.2076171875 3.31611328125 9741.77510868522 6434.99052663753 137.038821448845 7703.49364791289 100.045372050817 4211.91016333938 16257.3729582577 12045.4627949183 9741.77510868522 1.55049498176503 6.71913881437776 0.594723706611808 0.95315195401228
"129" "moon_B_9.wav" 4.411172 4.511172 1 "1" 0.952377888335351 2.1533203125 0.796728515625 7772.01984590133 6489.14645778123 138.192119957627 6673.02631578947 100.045372050817 1840.83484573503 13125.9528130672 11285.1179673321 7772.01984590133 7.11784977254294 77.1755849213584 0.593874706643097 0.93164253131902
"130" "moon_B_9.wav" 4.511172 4.611172 1 "1" 0.881792266719344 11.8001953125 2.648583984375 9361.53837019497 5575.2464506776 118.7298100479 9074.11524500907 11665.2903811252 4682.12341197822 13215.9936479129 8533.87023593466 9361.53837019497 1.55291821673239 5.84870792826259 0.577763206877405 0.956291610590104
"131" "moon_B_9.wav" 4.611172 4.711172 1 "1" 0.982545887055413 0.0861328125 0.0861328125 8776.71306472937 6406.44595354167 136.430939488549 8163.70235934664 100.045372050817 2741.24319419238 14156.4201451906 11415.1769509982 8776.71306472937 19.228565495089 539.156176592926 0.694278576458585 0.949314589746079
"132" "moon_C_2.wav" 3.316321 3.416321 1 "1" 0.9346250814396 2.239453125 1.399658203125 9035.877799734 6715.08366336315 143.003652817889 7033.18965517241 2221.00725952813 2371.07531760436 15807.168784029 13436.0934664247 9035.877799734 3.74249466749724 24.8086276997712 0.595863072828708 0.945081106051971
"133" "moon_C_2.wav" 3.416321 3.516321 1 "1" 0.916674655885216 19.63828125 3.48837890625 11278.0581038649 6989.17734914084 148.840720566483 11965.4264972777 19758.9609800363 4261.93284936479 17948.1397459165 13686.2068965517 11278.0581038649 2.10832063488954 8.9795515544843 0.662435946066811 0.956018598839472
"134" "moon_C_5.wav" 2.48492 2.58492 1 "1" 0.967431120394495 18.0017578125 2.4009521484375 10400.7764241556 7069.81736629746 150.558021138568 10414.72323049 170.077132486388 3101.40653357532 17948.1397459165 14846.7332123412 10400.7764241556 7.61494098943543 126.623559930138 0.54940813983561 0.936296559144009
"135" "moon_C_5.wav" 2.58492 2.68492 1 "1" 0.903090678787006 19.7244140625 4.9634033203125 11204.5461390474 5801.2230490588 123.542181812706 10364.7005444646 19748.9564428312 7503.40290381125 17527.9491833031 10024.5462794918 11204.5461390474 2.12600860264187 9.22946457985194 0.512301744198191 0.939850753783177
"136" "moon_C_5.wav" 2.68492 2.78492 1 "1" 0.98506674174754 0.0861328125 0.0861328125 8455.56144050654 6729.13182481121 143.302820855572 7673.48003629764 90.040834845735 1890.85753176044 14106.3974591652 12215.5399274047 8455.56144050654 18.8641386538694 470.883746648742 0.57831940764592 0.921801250538031
"137" "moon_C_5.wav" 2.78492 2.88492 1 "1" 0.937026323663775 19.466015625 2.5516845703125 6372.88578082073 6530.75855827206 139.078286485094 3231.46551724138 370.167876588022 660.29945553539 11645.2813067151 10984.9818511797 6372.88578082073 5.24511850088775 36.1103488482397 0.450786268114049 0.910110257067683
"138" "moon_C_5.wav" 2.88492 2.98492 1 "1" 0.987520851433899 0.172265625 0.172265625 9518.64176955037 7304.56366195729 155.557151372489 10284.664246824 170.077132486388 1790.81215970962 17467.9219600726 15677.109800363 9518.64176955037 18.7064973865077 434.031183454454 0.500393711456107 0.91569900123511
"139" "moon_C_6.wav" 1.923389 2.023389 1 "1" 0.984898149353075 0.0861328125 0.0538330078125 7455.7393133828 6479.35693088123 137.983643313665 5622.5499092559 90.040834845735 1230.55807622505 13175.9754990926 11945.4174228675 7455.7393133828 19.2816615726367 454.830376913881 0.479959191408598 0.898400208315037
"140" "moon_C_6.wav" 2.023389 2.123389 1 "1" 0.986800818909739 0.172265625 0.107666015625 3603.43997388202 4944.98989736224 105.307938652873 2150.97549909256 90.040834845735 300.13611615245 3361.52450090744 3061.38838475499 3603.43997388202 16.6103220062622 364.573308783792 0.276646295074506 0.807339009082895
"141" "moon_C_6.wav" 2.123389 2.223389 1 "1" 0.992419506963832 0.0861328125 0.0753662109375 5300.54756255921 7023.34140357943 149.568274358023 770.349364791289 90.040834845735 110.049909255898 11745.3266787659 11635.27676951 5300.54756255921 26.0085900958753 787.418453203705 0.372620440950909 0.766970442929128
"142" "moon_C_6.wav" 4.943768 5.043768 1 "1" 0.994015770081273 0.0861328125 0.0538330078125 5839.68233268733 5664.33885960896 120.627111787422 4672.11887477314 90.040834845735 1420.6442831216 8303.76588021779 6883.12159709619 5839.68233268733 24.6183174980444 748.95261469968 0.453257396746401 0.873085752385558
"143" "moon_C_6.wav" 5.043768 5.143768 1 "1" 0.986753204052214 0.2583984375 0.12919921875 4054.40666203038 6150.28015009753 130.975661869387 270.122504537205 90.040834845735 120.05444646098 5412.45462794918 5292.4001814882 4054.40666203038 21.378081715791 505.391546196409 0.329771674332773 0.709684179977553
"144" "moon_C_6.wav" 5.143768 5.243768 1 "1" 0.9874541509093 0.172265625 0.107666015625 4233.68402364908 6521.08528893959 138.872285648979 190.086206896552 90.040834845735 100.045372050817 6372.89019963702 6272.84482758621 4233.68402364908 23.3582047252902 610.080215749736 0.318416076857267 0.687325676102338
"145" "moon_C_8.wav" 2.51618 2.61618 1 "1" 0.955642637756137 12.3169921875 1.658056640625 7755.61158511739 6447.68776037638 137.309220284714 5372.43647912886 100.045372050817 2060.93466424682 13436.0934664247 11375.1588021779 7755.61158511739 5.59938389437086 80.5491704816532 0.63724759470383 0.950068003448166
"146" "moon_C_8.wav" 2.61618 2.71618 1 "1" 0.924353082625033 0.4306640625 0.1614990234375 7183.17684734196 6031.28469739941 128.441548333708 5322.41379310345 180.08166969147 1980.89836660617 11625.2722323049 9644.37386569873 7183.17684734196 2.03116167757022 9.11328811154213 0.562657485329657 0.948130086965805
"147" "moon_C_8.wav" 2.71618 2.81618 1 "1" 0.982141595462617 0.172265625 0.0968994140625 8364.77812061013 6961.04633537087 148.241645718239 6743.05807622505 100.045372050817 1580.7168784029 15046.8239564428 13466.1070780399 8364.77812061013 20.6873540339854 602.787558426861 0.679107867414254 0.941250225757047
"148" "moon_C_8.wav" 5.111076 5.211076 1 "1" 0.958931015798112 2.4978515625 0.3768310546875 8230.10933886827 6885.50745258547 146.632978319643 6412.90834845735 100.045372050817 2401.0889292196 14646.6424682396 12245.55353902 8230.10933886827 4.37693737298108 32.2524804443516 0.569128084624386 0.925598298519165
"149" "moon_C_8.wav" 5.211076 5.311076 1 "1" 0.89778058381705 2.75625 0.7213623046875 9423.55822674697 6917.76303525138 147.319889514832 7773.52540834846 2511.1388384755 2731.2386569873 17027.722323049 14296.4836660617 9423.55822674697 2.77930444055659 13.3223464195254 0.505970753041773 0.935869223407878
"150" "notchi_A_3.wav" 3.788358 3.888358 1 "1" 0.970556512749723 2.8423828125 0.8720947265625 8007.64543811289 6714.62027642693 142.993784582753 5042.28675136116 2020.9165154265 2170.98457350272 14726.6787658802 12555.6941923775 8007.64543811289 2.90513582590546 15.0897267918904 0.583357901809034 0.938328796970212
"151" "notchi_A_3.wav" 3.888358 3.988358 1 "1" 0.92592181612116 19.8966796875 8.3656494140625 9835.57677337688 6707.20464961088 142.835862243168 10274.6597096189 19528.8566243194 2711.22958257713 15937.2277676951 13225.998185118 9835.57677337688 2.15773150578872 7.86044435374055 0.607801406561502 0.947261204982926
"152" "notchi_A_3.wav" 4.530362 4.630362 1 "1" 0.886637081410822 6.2876953125 3.8006103515625 8744.72923922942 6177.04198732192 131.545578890688 7093.2168784029 4271.93738656987 3461.56987295826 14106.3974591652 10644.8275862069 8744.72923922942 2.41831265027134 11.548932225968 0.604076900817394 0.950661147925226
"153" "notchi_A_3.wav" 4.630362 4.730362 1 "1" 0.974254984207022 4.2205078125 1.67958984375 7294.80572608724 6323.79089270961 134.670726777074 5072.30036297641 360.16333938294 2010.91197822142 12505.6715063521 10494.7595281307 7294.80572608724 3.75584453006349 23.666275719102 0.645985214782484 0.943952378456478
"154" "notchi_B_1.wav" 2.227072 2.327072 1 "1" 0.966648689719831 2.4978515625 0.839794921875 8045.92922645821 6794.76282295162 144.700491077221 4562.06896551724 2411.09346642468 2020.9165154265 14326.497277677 12305.5807622505 8045.92922645821 3.23703781005399 17.224405299663 0.560207386267435 0.930095924508416
"155" "notchi_B_1.wav" 2.327072 2.427072 1 "1" 0.960630011866349 2.41171875 0.538330078125 9370.4892912213 6673.65581567599 142.121410117032 11014.9954627949 2411.09346642468 2431.10254083485 15156.8738656987 12725.7713248639 9370.4892912213 2.92728024296728 17.8201899191988 0.650968948743838 0.950094347089658
"156" "notchi_B_2.wav" 1.849225 1.949225 1 "1" 0.959246923949084 19.7244140625 4.2205078125 8693.50264941363 6671.65067100689 142.078708785747 6222.8221415608 2100.95281306715 2331.05716878403 15186.887477314 12855.8303085299 8693.50264941363 3.40040639367653 19.3789900428529 0.592612080680088 0.941363284176018
"157" "notchi_B_2.wav" 1.949225 2.049225 1 "1" 0.949162840424071 2.1533203125 1.8195556640625 8381.16235558649 7035.04818855178 149.817580710367 5422.45916515427 2090.94827586207 2040.92558983666 15937.2277676951 13896.3021778584 8381.16235558649 3.80821505837173 22.2155317561867 0.55098929057212 0.927833404893863
"158" "notchi_B_2.wav" 3.710443 3.810443 1 "1" 0.982722324272523 0.516796875 0.3122314453125 9736.69509889244 7362.69258686493 156.79505830156 11505.2177858439 320.145190562613 1980.89836660617 16667.5589836661 14686.6606170599 9736.69509889244 5.15493933285742 51.9928365524736 0.624121792889743 0.943034686722469
"159" "notchi_B_2.wav" 3.810443 3.910443 1 "1" 0.879988642948762 6.2015625 1.50732421875 6232.05492249349 5707.0140683915 121.535918147343 3661.66061705989 1910.8666061706 1920.87114337568 9514.31488203267 7593.44373865699 6232.05492249349 5.23398367968898 36.765641971414 0.529107336663355 0.91256913694572
"160" "notchi_B_2.wav" 3.910443 4.010443 1 "1" 0.90996187007336 0.6029296875 0.3983642578125 8155.78030744731 6771.20910435973 144.198893782989 6132.78130671506 460.208711433757 1970.89382940109 14646.6424682396 12675.7486388385 8155.78030744731 3.64016425421084 24.3307345448009 0.67676344152439 0.951288637159676
"161" "notchi_B_3.wav" 9.798357 9.898357 1 "1" 0.982482691156897 0.34453125 0.2476318359375 6012.0796679736 7041.04105259848 149.945204056923 1880.85299455535 120.05444646098 700.317604355717 12705.7622504537 12005.444646098 6012.0796679736 7.11806774922867 81.4906543440635 0.429439565469654 0.879830553894374
"162" "notchi_B_3.wav" 9.898357 9.998357 1 "1" 0.979704175689779 2.1533203125 0.3768310546875 5948.59764792638 6565.35797974042 139.81511180305 2341.06170598911 120.05444646098 1460.66243194192 11745.3266787659 10284.664246824 5948.59764792638 7.64628522291514 96.2661631079546 0.427671647169942 0.880052840907862
"163" "notchi_B_3.wav" 9.998357 10.098357 1 "1" 0.967806838728036 2.41171875 0.667529296875 6307.53011947374 6181.70073321712 131.644791009845 2651.20235934664 120.05444646098 2150.97549909256 11865.3811252269 9714.4056261343 6307.53011947374 6.95586069891227 69.7156045180607 0.476570198220397 0.890393161668738
"164" "notchi_B_3.wav" 10.098357 10.198357 1 "1" 0.925059441305468 1.9810546875 0.34453125 6521.87353387491 6416.68154061492 136.648915378886 3251.47459165154 120.05444646098 1700.77132486388 11865.3811252269 10164.609800363 6521.87353387491 11.0933420389735 212.401614511258 0.540987488642446 0.910548290685214
"165" "nouch_A_1.wav" 3.958938 4.058938 1 "1" 0.935962842474894 6.718359375 3.1976806640625 9427.82180050256 6221.86497432152 132.500124089599 7653.47096188748 6552.97186932849 4071.84664246824 16007.2595281307 11935.4128856624 9427.82180050256 1.85993497893465 7.41036496566763 0.583813452973511 0.94942002746652
"166" "nouch_A_1.wav" 4.058938 4.158938 1 "1" 0.972659292193765 6.6322265625 1.4534912109375 8644.29910052613 6137.31072033566 130.699466378178 7403.35753176044 70.0317604355717 3361.52450090744 13756.2386569873 10394.7141560799 8644.29910052613 3.77624064416789 27.8785554579593 0.708056095838718 0.95967722078289
"167" "nouch_A_1.wav" 4.158938 4.258938 1 "1" 0.979450160184552 19.2076171875 2.7885498046875 8240.47357160258 6541.07416604651 139.297966487121 6292.85390199637 70.0317604355717 2711.22958257713 13866.2885662432 11155.0589836661 8240.47357160258 6.14406897651996 65.6063395354869 0.665199272902549 0.946189416290085
"168" "nouch_A_2.wav" 4.445297 4.545297 1 "1" 0.946326996256244 10.163671875 5.706298828125 9365.99145307144 5330.07746126443 113.508719321207 9484.30127041742 9794.44192377496 5982.71324863884 12605.7168784029 6623.00362976407 9365.99145307144 2.16052624504195 10.2444801381127 0.642461579574217 0.954448771919597
"169" "nouch_A_2.wav" 4.545297 4.645297 1 "1" 0.983414314407099 0.0861328125 0.0322998046875 10408.9269199857 6608.91823281851 140.742765964952 11345.1451905626 50.0226860254083 4492.03720508167 15857.1914700544 11365.1542649728 10408.9269199857 13.6450231162676 261.501874526244 0.692146421816617 0.94484374535926
"170" "nouch_A_2.wav" 4.645297 4.745297 1 "1" 0.974910482238365 1.6365234375 0.236865234375 9569.47690203778 6357.32038649878 135.384767037681 10334.6869328494 90.040834845735 3351.51996370236 14726.6787658802 11375.1588021779 9569.47690203778 6.95930660966548 95.1157011493779 0.661619196160132 0.951982877178651
"171" "nouch_A_2.wav" 6.358789 6.458789 1 "1" 0.949615155150445 18.26015625 2.7885498046875 8241.98999677922 6481.44346843292 138.028077978457 7523.41197822142 70.0317604355717 1970.89382940109 13416.0843920145 11445.1905626134 8241.98999677922 6.90922894501066 74.2324996239778 0.61008547903422 0.9453867876081
"172" "nouch_A_2.wav" 6.458789 6.558789 1 "1" 0.971143803810407 0.2583984375 0.0968994140625 8909.89489157809 6703.69264111167 142.761070912293 9014.08802177859 60.02722323049 2511.1388384755 14796.7105263158 12285.5716878403 8909.89489157809 10.6393088303124 147.206726054449 0.680766106109688 0.939095781103292
"173" "nouch_A_2.wav" 6.558789 6.658789 1 "1" 0.962781765870593 3.962109375 0.5921630859375 9424.17922813093 5890.85231297304 125.450916354472 9804.44646098004 90.040834845735 4161.88747731398 14106.3974591652 9944.50998185118 9424.17922813093 1.79743315640609 8.57692809494054 0.670265029565114 0.961804989243532
"174" "nouch_A_2.wav" 6.658789 6.758789 1 "1" 0.965411400263204 0.6029296875 0.2260986328125 8042.50743704084 6419.24283992039 136.703460515627 7003.17604355717 130.058983666062 2070.93920145191 13536.1388384755 11465.1996370236 8042.50743704084 5.46529996640426 57.0429810533461 0.623714882839789 0.94728849681838
"175" "nouch_A_3.wav" 2.104014 2.204014 1 "1" 0.975097233154626 2.3255859375 0.5921630859375 9129.39441020063 6120.27016071678 130.336572571679 9574.34210526316 50.0226860254083 2711.22958257713 13866.2885662432 11155.0589836661 9129.39441020063 2.78257222751327 16.416874218872 0.669853185148691 0.953803857023488
"176" "nouch_A_3.wav" 2.204014 2.304014 1 "1" 0.966106495770764 14.5564453125 3.8221435546875 10856.4622665363 5680.73880188262 120.976363080288 11905.3992740472 50.0226860254083 6803.08529945554 14906.7604355717 8103.67513611615 10856.4622665363 2.91375118798861 18.3581765991275 0.628279959661144 0.949375166538982
"177" "nouch_A_3.wav" 2.304014 2.404014 1 "1" 0.942838485765318 7.407421875 1.2381591796875 9239.7340219063 5811.52518973603 123.761575020973 8353.78856624319 6142.78584392015 5172.34573502722 14156.4201451906 8984.07441016334 9239.7340219063 2.02629163228013 9.1806380364276 0.611858842093061 0.955401999992535
"178" "nouch_A_3.wav" 2.404014 2.504014 1 "1" 0.982007520946206 0.6029296875 0.150732421875 9496.05222199076 6313.31132141992 134.4475550268 8924.04718693285 50.0226860254083 4522.05081669691 14926.7695099819 10404.7186932849 9496.05222199076 8.13612248056454 130.346107965015 0.722216426282205 0.961163647753931
"179" "nouch_B_1.wav" 3.056787 3.156787 1 "1" 0.971566548551412 2.1533203125 0.5921630859375 9134.36065679038 6777.87511909519 144.340852469536 9524.31941923775 60.02722323049 2160.98003629764 15196.8920145191 13035.9119782214 9134.36065679038 7.09276143133985 76.1867393989602 0.622213088175647 0.931927854985629
"180" "nouch_B_1.wav" 3.156787 3.256787 1 "1" 0.977791040632644 19.3798828125 2.7454833984375 10715.6943300292 6653.54784284439 141.693193029973 11555.2404718693 60.02722323049 5082.30490018149 16557.5090744102 11475.2041742287 10715.6943300292 4.68702944182188 48.4564090516836 0.710787657595761 0.958782426272996
"181" "nouch_B_1.wav" 3.256787 3.356787 1 "1" 0.970236102678876 2.1533203125 0.9151611328125 11105.9116679966 6359.29943295288 135.426912584367 12355.6034482759 70.0317604355717 5762.61343012704 16537.5 10774.886569873 11105.9116679966 1.93068810139206 8.32630705395129 0.696006180441819 0.959859867781764
"182" "nouch_B_1.wav" 3.356787 3.456787 1 "1" 0.918492392575494 10.2498046875 3.2192138671875 9526.02207165957 5858.44026062902 124.760672998934 8353.78856624319 190.086206896552 4932.23684210526 14766.6969147005 9834.46007259528 9526.02207165957 1.81711610618841 7.94663452932132 0.63945157810549 0.957374667951194
"183" "nouch_B_1.wav" 3.76734 3.86734 1 "1" 0.95595786911447 19.7244140625 7.5473876953125 9029.16726498482 6211.95950678422 132.289178387101 7733.50725952813 760.344827586207 3721.68784029038 14476.5653357532 10754.8774954628 9029.16726498482 1.95605467481196 8.18985158744832 0.637282244573683 0.955586267565116
"184" "nouch_B_1.wav" 3.86734 3.96734 1 "1" 0.974908747172954 0.0861328125 0.04306640625 8918.83601675634 6983.78175326012 148.725816574403 8063.65698729583 130.058983666062 1940.88021778584 15416.9918330309 13476.111615245 8918.83601675634 7.45797912899969 86.1514650092766 0.674660338067158 0.94516786721949
"185" "nouch_B_4.wav" 5.460051 5.560051 1 "1" 0.932244924530378 11.541796875 5.4156005859375 9162.97586269649 4927.84544612885 104.942832382447 9124.13793103448 10304.6733212341 5942.69509981851 12325.5898366606 6382.89473684211 9162.97586269649 2.15249314760118 9.3270956871957 0.545287337681828 0.943132402152392
"186" "nouch_B_4.wav" 5.560051 5.660051 1 "1" 0.943229421281127 19.7244140625 8.6994140625 10636.626625109 5792.92284310279 123.36542157704 10834.9137931034 14836.7286751361 6172.79945553539 15146.8693284936 8974.06987295826 10636.626625109 1.26649706698757 4.83329509189006 0.675245691514678 0.962561933946414
"187" "nouch_B_4.wav" 5.660051 5.760051 1 "1" 0.959473376964842 19.8966796875 6.9875244140625 9967.95041366126 5711.23968265579 121.625906344883 9594.35117967332 10524.7731397459 5202.35934664247 14856.7377495463 9654.37840290381 9967.95041366126 1.34593199723405 5.46551881763051 0.686755518633599 0.963684466606164
"188" "nouch_C_3.wav" 1.226076 1.326076 1 "1" 0.97706988173211 0.0861328125 0.064599609375 8150.64336963567 5857.74182342866 124.745799160286 8003.62976406534 60.02722323049 2401.0889292196 11805.3539019964 9404.26497277677 8150.64336963567 7.62039073193466 94.1619067570415 0.571978953885013 0.929054839819629
"189" "nouch_C_3.wav" 1.326076 1.426076 1 "1" 0.926114218069694 6.373828125 1.614990234375 10931.202307961 5408.53390465899 115.179518756475 10604.8094373866 50.0226860254083 6723.04900181488 15957.2368421053 9234.18784029038 10931.202307961 1.82769514994721 7.10117987996111 0.549427910577411 0.946171935664636
"190" "nouch_C_4.wav" 17.854508 17.954508 1 "1" 0.941038900421709 3.8759765625 2.433251953125 6074.10618772506 5664.76618063972 120.636211967164 3801.72413793103 3861.75136116152 1990.90290381125 9374.25136116152 7383.34845735027 6074.10618772506 3.27778142138011 17.0327557256624 0.495506071892467 0.920089859055277
"191" "nouch_C_4.wav" 17.954508 18.054508 1 "1" 0.979132456697582 3.962109375 1.873388671875 7100.59485737228 6434.17707445282 137.021498264259 4011.81941923775 2401.0889292196 2020.9165154265 12665.7441016334 10644.8275862069 7100.59485737228 3.77964028172333 23.3385837815166 0.594016815032703 0.932313580930064
"192" "nouch_C_4.wav" 19.213475 19.313475 1 "1" 0.939334086627856 1.894921875 1.1735595703125 7289.4654454216 5434.51574316966 115.732825014478 6532.96279491833 630.285843920145 2241.01633393829 10464.7459165154 8223.72958257713 7289.4654454216 2.2778514894957 9.52627934891718 0.573932625766187 0.941423055487491
"193" "nouch_C_4.wav" 19.313475 19.413475 1 "1" 0.980554327319744 0.6029296875 0.1399658203125 8447.60540821949 6725.85116751483 143.232956353424 6843.10344827586 190.086206896552 1820.82577132486 14396.5290381125 12575.7032667877 8447.60540821949 7.70487568866272 106.25408616506 0.675948970740772 0.94583599379114
